#A tibble: 1 × 9
# ell = 0.5
Method         MAE  RMSE   CVG  CRPS    IS    ES  logs `Elapsed Time`
NNNN_Setup5  0.735 0.706 0.944 0.384 0.918  48.6  1.01          16362.
NNNN_Setup10 0.726 0.680 0.944 0.372 0.896  46.8 0.978          26436.
NNNN_Setup15 0.722 0.674 0.944 0.369 0.895  46.3 0.972          80341.
HSHS_Setup5  0.739 0.712 0.932 0.389 0.918  49.2  1.070          3442.
HSHS_Setup10 0.733 0.698 0.931 0.382 0.890  48.2  1.040          5957.
HSHS_Setup15 0.727 0.681 0.938 0.374 0.887  46.9  0.992          3840.

# A tibble: 1 × 9
# ell = 0.1
Method         MAE  RMSE   CVG  CRPS    IS    ES  logs `Elapsed Time`
1 NNNN_Setup1  1.08  1.93 0.938 0.843  1.76  131.  1.80          9652.
1 NNNN_Setup6  1.08  1.93 0.937 0.841  1.74  132.  1.80         49409.
1 NNNN_Setup11  1.08  1.95 0.938 0.842  1.75  133.  1.70        112264.
1 HSHS_Setup1  1.19  2.68 0.922  1.05  1.96  205.   Inf          3573.
1 HSHS_Setup6  1.14  2.53 0.925 0.968  1.86  188.   Inf          5276.
1 HSHS_Setup11  1.12  2.28 0.934 0.916  1.82  165.  1.96          7781.
1 HSHS_Setup16  1.10  2.09 0.939 0.876  1.79  149.  1.75          7041.
1 HSHS_Setup21  1.09  2.00 0.939 0.858  1.76  141.  1.73          8848.



# A tibble: 1 × 9
  # ell = 0.2
Method        MAE  RMSE   CVG  CRPS    IS    ES  logs `Elapsed Time`
NNNN_Setup2  0.871  1.11 0.942 0.539  1.25  75.8  1.31          9966.
NNNN_Setup7  0.866  1.09 0.939 0.532  1.22  74.8  1.29         13371.
NNNN_Setup12 0.863  1.09 0.940 0.530  1.22  75.1  1.28         36637.
HSHS_Setup2  0.896  1.24 0.939 0.580  1.30  87.5  1.49          2202.
HSHS_Setup7  0.912  1.38 0.930 0.603  1.27  99.1  1.42          2848.
HSHS_Setup12 0.889  1.31 0.933 0.569  1.24  92.1  1.35          6660.








